3 3 192 192 96 96 48 48 24
24 12 12 6 6 3 3 192 192
96 96 48 48 24 24 12 12 6
6 3 3 192 192 96 96 48 48
24 24 12 12 6 6 3 3 192
192 96 96 48 48 24 24 12 12
6 6 3 3 192 192 96 96 48
48 24 24 12 12 6 6 3 3
192 192 96 96 48 48 24 24 12
12 6 6 3 3 192 192 96 96
48 48 24 24 12 12 6 6 3
3 192 192 96 96 48 48 24 24
12 12 6 6 3 3 192 192 96
96 48 48 24 24 12 12 6 6
3 3 192 192 96 96 48 48 24
24 12 12 6 6 3 3 192 192
96 96 48 48 24 24 12 12 6
6 3 3 192 192 96 96 48 48
24 24 12 12 6 6 3 3 192
192 96 96 48 48 24 24 12 12
6 6 3 3 192 192 96 96 48
48 24 24 12 12 6 6 3 3
192 192 96 96 48 48 24 24 12
12 6 6 3 3 192 192 96 96
48 48 24 24 12 12 6 6 3
3 192 192 96 96 48 48 24 24
12 12 6 6 3 3 192 192 96
96 48 48 24 24 12 12 6 6
3 3 192 192 96 96 48 48 24
24 12 12 6 6 3 3 192 192
96 96 48 48 24 24 12 12 6
6 3 3 192 192 96 96 48 48
24 24 12 12 6 6 3 3 192
192 96 96 48 48 24 24 12 12
6 6 3 3 192 96 96 96 48
48 24 24 12 12 6 6 3 3
192 192 96 96 48 48 24 24 12
12 6 6 3 3 192 192 96 96
48 48 24 12 12 6 6 6 3
3 192 192 96 96 48 48 24 24
12 12 6 6 3 3 192 192 96
96 48 48 24 24 12 12 6 6
3 3 192 192 96 96 48 48 24
24 12 12 6 6 3 3 192 96
96 96 48 48 24 24 12 12 6
6 3 3 192 192 96 96 48 48
24 24 12 12 6 6 3 3 192
192 96 96 48 48 24 24 12 12
6 6 3 3 192 192 96 96 48
48 24 24 12 12 6 6 3 3
192 192 96 96 48 48 24 24 12
12 6 6 3 3 192 192 96 96
48 48 24 24 12 12 6 6 3
3 192 192 96 96 48 48 24 24
12 12 6 6 3 3 192 192 96
96 48 48 24 24 12 12 6 6
3 3 192 192 96 96 48 48 24
24 12 12 6 6 3 3 192 192
96 96 48 48 24 24 12 12 6
6 3 3 192 192 96 96 48 48
24 24 12 12 6 6 3 3 192
192 96 96 48 48 24 24 12 12
6 6 3 3 192 192 96 96 48
48 24 24 12 12 6 6 3 3
192 192 96 96 48 48 24 24 12
12 6 6 3 3 192 192 96 96
48 48 24 24 12 12 6 6 3
3 192 192 96 96 48 48 24 24
12 12 6 6 3 3 192 192 96
48 48 48 24 24 12 12 6 6
3 3 192 192 96 96 48 48 24
24 12 12 6 6 3 3 192 192
96 96 48 48 24 24 12 12 6
6 3 3 192 192 96 96 48 48
24 24 12 12 6 6 3 3 192
192 96 96 48 48 24 24 12 12
6 6 3 3 192 192 96 96 48
48 24 24 12 12 6 6 3 3
192 192 96 96 48 48 24 24 12
12 6 6 3 3 192 192 96 96
48 48 24 24 12 12 6 6 3
3 192 192 96 96 48 48 24 24
12 12 6 6 3 3 192 208 96
96 48 48 24 24 12 12 6 6
3 3 192 192 96 96 48 48 24
24 12 12 6 6 3 3 192 192
96 96 48 48 24 24 12 12 6
